
index of control    0     1       2     3     4
		   C6          B5           8C
	       80 40 04 02 80 20 10 04 01 80 08 <mask it is read by
_______________________________________________
03 F0 84 21 00|31 01 31 04 18 31 0A 1A 2E 05 2E
0B 22 0B 09 30 04 61 61 61 61 61
------------------------------------------------
04 02 01 80 40 20 10 80 04 20 01		 <mask it is read by
  8C        F0	       84    21
4        6        7  8  9 10 11


control  0     1     2     3     4     5     6     7     8     9    10     11 

bits   11000 11010 11010 11000 11000 00000 11111 10000 10000 10000 10000 10000 0000

nibble CCCC6 666BB BB555 58888 CCCC0 00033 33FFF F0000 88884 44422 22111 10000 0000

       11000 11010 11010 11000 11000 00000 11111 10000 10000 10000 10000 10000 0000
       |        |         |        |        |         |        |          |        |



00000 00000 00000 00000 00000 0000000 
00000 00000 00000 00010 00000 0000000
 

